2, 30
[[1.2314e+01 3.4600e-01 2.2000e-02 1.5520e+00 4.4000e-01 3.2600e-01]
 [9.1200e-01 3.7702e+01 9.4600e-01 2.4400e-01 8.2600e-01 3.7000e-01]
 [2.2400e-01 3.6400e-01 1.8840e+01 1.2600e-01 2.6000e-02 4.2000e-01]
 [2.3400e-01 9.2000e-02 1.4000e-02 2.0540e+01 7.7600e-01 3.4400e-01]
 [6.0000e-03 2.8000e-02 4.6000e-02 4.4000e-01 9.2680e+00 2.1200e-01]
 [2.0000e-03 2.1000e-01 5.8200e-01 6.8000e-02 1.0180e+00 2.5120e+01]]
[[1.34439726 0.55342931 0.14668333 1.07298462 0.68585713 0.54380511]
 [0.75382757 1.30736223 0.61569798 0.43870719 1.04867726 0.50309045]
 [0.41692206 0.59287773 1.0480458  0.33184936 0.15913516 0.68088178]
 [0.47248704 0.30908898 0.11749043 0.9189124  0.84960226 0.47923272]
 [0.07722694 0.16497273 0.20948508 0.59194594 0.75642316 0.50105489]
 [0.04467662 0.56382621 0.64130804 0.2517459  0.56006785 0.91956511]]
0.9169185185185187
0.30448417440472875
[-24511.248  -18270.713  -18270.713  ...  -2949.5293  -2956.2607
  -2960.3506]
2, 30
[[1.2994e+01 4.0400e-01 4.0000e-03 8.3400e-01 6.8200e-01 8.2000e-02]
 [1.5920e+00 3.7336e+01 4.7800e-01 1.2800e-01 1.3900e+00 7.6000e-02]
 [1.2800e-01 5.4600e-01 1.9022e+01 4.0000e-03 7.8000e-02 2.2200e-01]
 [3.5600e-01 2.4000e-02 8.4000e-02 2.0124e+01 3.5200e-01 1.0600e+00]
 [1.0800e-01 2.3200e-01 0.0000e+00 6.5600e-01 8.8280e+00 1.7600e-01]
 [0.0000e+00 1.3400e-01 2.1400e-01 7.4000e-02 6.3600e-01 2.5942e+01]]
[[1.01289881 0.49069746 0.06311894 0.77617266 0.72448326 0.28857581]
 [0.96412447 1.3065619  0.59119878 0.34002353 1.28136646 0.29363923]
 [0.33408981 0.59319811 0.85177227 0.06311894 0.32850571 0.46121145]
 [0.72750533 0.15304901 0.27738782 0.95949153 0.60670916 0.60033324]
 [0.3526131  0.44065406 0.         0.78080984 1.1253515  0.39118282]
 [0.         0.49804016 0.41012681 0.26177089 0.50547403 0.77629634]]
0.9203407407407408
0.30727942284044923
[-48090.438  -25196.037  -11047.406  ...  -3479.7197  -3479.7197
  -3485.9993]
2, 30
[[1.2474e+01 4.2600e-01 2.7400e-01 1.3840e+00 3.3200e-01 1.1000e-01]
 [3.3000e-01 3.8208e+01 1.1480e+00 4.2200e-01 6.6800e-01 2.2400e-01]
 [4.0000e-03 6.5200e-01 1.8748e+01 1.3200e-01 4.6000e-02 4.1800e-01]
 [1.9200e-01 1.2200e-01 2.2000e-02 2.0784e+01 7.6800e-01 1.1200e-01]
 [1.2000e-02 1.1400e-01 5.6000e-02 9.0000e-02 9.6360e+00 9.2000e-02]
 [1.2000e-02 6.2000e-02 3.1000e-01 1.3400e-01 6.7200e-01 2.5810e+01]]
[[1.40190014 0.82493879 0.45926463 1.07542736 0.64013749 0.31288976]
 [0.47021272 1.15790155 0.80876202 0.61637326 0.8727978  0.4536783 ]
 [0.06311894 0.69490719 0.99221772 0.34434866 0.26811192 0.70375848]
 [0.50113471 0.35653331 0.14668333 0.9640249  0.72813186 0.32164577]
 [0.12592061 0.33015754 0.22992173 0.31921779 0.619277   0.28902595]
 [0.10888526 0.25720809 0.53842363 0.34065232 0.55173907 0.74424458]]
0.930814814814815
0.2994648781226098
[-13393.91    -9520.377   -5283.3027 ...  -2931.316   -2931.316
  -2931.316 ]
2, 30
[[1.3270e+01 1.0200e-01 7.0000e-02 1.2380e+00 3.1600e-01 4.0000e-03]
 [8.4600e-01 3.8588e+01 6.1400e-01 1.8200e-01 6.2400e-01 1.4600e-01]
 [1.4000e-01 6.1800e-01 1.8694e+01 1.3600e-01 8.4000e-02 3.2800e-01]
 [2.4400e-01 4.0000e-02 3.6000e-02 2.1090e+01 5.4000e-01 5.0000e-02]
 [1.2000e-02 1.0000e-02 1.3600e-01 0.0000e+00 9.6700e+00 1.7200e-01]
 [2.8000e-02 5.8000e-02 2.1000e-01 0.0000e+00 6.4800e-01 2.6056e+01]]
[[0.98035708 0.31558834 0.25514702 0.70523471 0.4649129  0.06311894]
 [0.79138107 1.33201201 0.78294572 0.38584453 0.81155653 0.40581276]
 [0.38       0.76424865 0.96972367 0.35426544 0.27738782 0.59700586]
 [0.51035674 0.19595918 0.1862901  0.81111035 0.58       0.21794495]
 [0.10888526 0.09949874 0.36538199 0.         0.57367238 0.37738044]
 [0.23498085 0.24214871 0.43577517 0.         0.91656751 0.99843077]]
0.9434666666666669
0.3238997295210064
[-52922.266  -52922.266  -49773.777  ...  -3491.5486  -3504.4067
  -3490.8313]
2, 30
[[1.2294e+01 4.9800e-01 4.9400e-01 4.9200e-01 1.1920e+00 3.0000e-02]
 [1.3520e+00 3.8522e+01 6.7800e-01 4.0000e-03 1.8400e-01 2.6000e-01]
 [9.8000e-02 2.3200e-01 1.9048e+01 0.0000e+00 2.1000e-01 4.1200e-01]
 [3.7400e-01 1.7400e-01 8.0000e-03 2.0816e+01 1.5600e-01 4.7200e-01]
 [4.9400e-01 0.0000e+00 2.7600e-01 5.4000e-02 8.6580e+00 5.1800e-01]
 [0.0000e+00 1.8000e-02 6.4000e-02 8.4000e-02 8.0000e-02 2.6754e+01]]
[[1.01959011 0.59497563 0.55314013 0.78608905 0.70365901 0.17058722]
 [0.78746175 0.88403394 0.5388098  0.06311894 0.51589146 0.52191953]
 [0.29731465 0.46709314 0.98473144 0.         0.46249324 0.70587251]
 [0.64662508 0.42863038 0.08908423 1.22725059 0.41912289 0.58070302]
 [0.60163444 0.         0.48971829 0.2260177  0.82766902 0.57764695]
 [0.         0.13295112 0.24475294 0.31771686 0.36551334 0.53430703]]
0.934014814814815
0.30831607855294796
[-40968.44   -21867.188  -21867.188  ...  -6153.2847  -6161.615
  -6164.171 ]
2, 30
[[1.1762e+01 2.9600e-01 4.0000e-03 1.0940e+00 1.8420e+00 2.0000e-03]
 [1.4520e+00 3.7598e+01 8.4000e-01 1.3400e-01 5.5000e-01 4.2600e-01]
 [1.8000e-01 6.5600e-01 1.8710e+01 1.5000e-01 2.6400e-01 4.0000e-02]
 [5.6000e-02 1.9000e-01 0.0000e+00 2.0276e+01 1.1120e+00 3.6600e-01]
 [1.8000e-02 0.0000e+00 5.0000e-02 9.8600e-01 8.6880e+00 2.5800e-01]
 [0.0000e+00 0.0000e+00 0.0000e+00 0.0000e+00 9.0000e-02 2.6910e+01]]
[[0.90628693 0.45649096 0.06311894 0.6551061  0.73555149 0.04467662]
 [0.81712667 1.48472085 1.38938835 0.34647366 0.866891   0.49449368]
 [0.39446166 0.48750795 0.84255564 0.37881394 0.50428563 0.2059126 ]
 [0.22992173 0.39736633 0.         1.13129307 0.85525201 0.69285208]
 [0.13295112 0.         0.21794495 0.44023176 0.51249976 0.47690251]
 [0.         0.         0.         0.         0.41218928 0.41218928]]
0.9181037037037036
0.3114161522841124
[-231169.06    -44187.777   -44187.777  ...   -7283.982    -7288.0366
   -7278.485 ]
2, 30
[[1.1248e+01 3.8600e-01 5.2000e-02 1.3040e+00 1.2040e+00 8.0600e-01]
 [2.5280e+00 3.7878e+01 1.3600e-01 2.7800e-01 1.2400e-01 5.6000e-02]
 [0.0000e+00 8.6000e-02 1.9910e+01 2.0000e-03 2.0000e-03 0.0000e+00]
 [1.1920e+00 0.0000e+00 3.4000e-02 2.0432e+01 9.8000e-02 2.4400e-01]
 [2.0000e-03 0.0000e+00 6.3600e-01 5.8000e-02 9.2440e+00 6.0000e-02]
 [0.0000e+00 0.0000e+00 2.2000e-02 1.6800e-01 8.0000e-03 2.6802e+01]]
[[1.59952993 0.54129844 0.22202703 1.14174603 0.8236407  0.39542888]
 [0.87018159 0.89393288 0.43070175 0.44801339 0.35864188 0.22992173]
 [0.         0.28036405 0.29308702 0.04467662 0.04467662 0.        ]
 [0.79191919 0.         0.18122914 1.00666578 0.29731465 0.47377632]
 [0.04467662 0.         0.48114863 0.23374345 0.54079941 0.23748684]
 [0.         0.         0.14668333 0.39468468 0.08908423 0.43219903]]
0.9297333333333334
0.3411925391218868
[-775288.94   -89415.875  -65447.94  ...  -59691.066  -59691.36
  -59691.36 ]
2, 30
[[1.0842e+01 1.4660e+00 3.6600e-01 1.3380e+00 6.9200e-01 2.9600e-01]
 [1.0940e+00 3.3246e+01 3.7900e+00 6.3200e-01 2.0720e+00 1.6600e-01]
 [9.6000e-02 1.5780e+00 1.7020e+01 7.5400e-01 3.5200e-01 2.0000e-01]
 [1.5240e+00 0.0000e+00 0.0000e+00 1.9960e+01 4.4000e-01 7.6000e-02]
 [1.6000e-02 0.0000e+00 3.3600e-01 2.3400e-01 9.4140e+00 0.0000e+00]
 [0.0000e+00 0.0000e+00 0.0000e+00 1.4600e-01 2.2000e-02 2.6832e+01]]
[[1.97915032 1.37435221 0.49804016 0.96941013 0.56668863 0.45649096]
 [0.59763199 1.76790384 1.47441514 0.5025694  1.67416128 0.46737993]
 [0.33879787 0.94229295 1.00578328 0.92384198 0.49406073 0.51768716]
 [0.54536593 0.         0.         0.46303348 0.49638695 0.26499811]
 [0.1254751  0.         0.47233886 0.42337218 0.6652849  0.        ]
 [0.         0.         0.         0.46117676 0.14668333 0.47725884]]
0.8689925925925928
0.30146050128366575
[-808522.6   -159919.06  -159919.06  ...  -71397.28   -71395.945
  -71399.92 ]
