2, 30
[[1.795e+01 2.100e-01 4.300e-01 1.400e-01 1.900e-01 8.000e-02]
 [6.000e-02 4.398e+01 3.800e-01 1.300e-01 2.700e-01 1.800e-01]
 [1.700e-01 2.700e-01 2.068e+01 1.400e-01 3.500e-01 3.900e-01]
 [3.000e-01 3.400e-01 5.300e-01 1.255e+01 1.000e-01 1.800e-01]
 [3.800e-01 3.200e-01 1.900e-01 1.500e-01 1.282e+01 1.400e-01]
 [1.000e-01 5.000e-01 6.100e-01 6.400e-01 5.000e-01 1.965e+01]]
[[1.40267601 0.66895441 0.44766059 1.19544971 0.44034078 0.30594117]
 [0.23748684 0.4237924  0.56178288 0.33630343 0.44395946 0.38418745]
 [0.60091597 1.09412065 1.61170717 0.42473521 0.65383484 0.81111035]
 [0.51961524 0.51419841 0.65505725 0.89861004 0.3        0.38418745]
 [0.64621978 0.81706793 0.58129167 0.58949131 1.2990766  0.91454907]
 [0.19595918 0.83066239 0.92622891 0.34698703 0.58949131 0.80274529]]
0.9454074074074074
0.04769338894719931
[-21207.582   -3861.085   -3344.4036  -3143.688   -3143.688   -3109.607
  -3084.9973  -3011.1606  -3011.1606  -2992.967   -2988.5212  -3022.4712
  -3022.4712  -3021.831   -3015.4998  -3015.4998  -3014.5144  -3014.5144
  -3004.954   -2977.8086  -2991.6218  -2993.9392  -2978.0762  -2956.3306
  -2952.7434  -2920.0493  -2953.5198  -2953.5198  -2955.0154  -2953.9768
  -2953.9768  -2955.3313  -2974.3008  -2967.2146  -2965.7695  -2951.3945
  -2977.099   -3026.008   -3026.008   -3022.687   -3016.2178  -2985.2185
  -2970.0269  -2992.655   -2992.655   -2992.655   -2965.1926  -2951.337
  -2933.6155  -2981.2966  -2981.2966  -2980.2898  -2962.0898  -2962.0898
  -2964.1592  -2959.1096  -2955.3118  -2980.8267  -2980.8267  -2978.0232
  -2946.287   -2908.9749  -2908.9749  -2922.4434  -2922.1409  -2942.9143
  -2914.9119  -2914.9119  -2905.9763  -2912.2727  -2918.991   -2952.3193
  -2952.3193  -2948.5437  -2938.6643  -2925.68    -2877.7473  -2877.7473
  -2896.5444  -2940.0344  -2969.0947  -2969.0947  -2969.0947  -2973.3687
  -2963.5776  -2979.5718  -2933.477   -2933.477   -2906.9187  -2946.9536
  -2957.8445  -2957.8445  -2943.923   -2960.422   -2960.422   -2940.268
  -2940.268   -2964.1309  -2963.4348  -2910.0767  -2910.0767  -2884.095
  -2886.0552  -2886.0552  -2908.0183  -2916.7158  -2917.2563  -2917.2563
  -2933.4988  -2966.9402  -2966.9402  -2974.0088  -2938.1104  -2938.1104
  -2937.8406  -2937.8406  -2936.9707  -2951.898   -2951.898   -2951.898
  -2988.9514  -2988.9514  -2969.2     -2937.4421  -2937.4421  -2923.8389
  -2925.1663  -2933.3096  -2933.3096  -2920.3787  -2914.2031  -2926.1333
  -2926.1333  -2926.1333  -2918.2068  -2912.3926  -2941.7769  -2939.669
  -2939.9783  -2939.9783  -2923.5366  -2918.1956  -2949.9326  -2949.9326
  -2971.8557  -2964.7083  -2980.201   -2951.2144  -2928.7007  -2928.7007
  -2930.8914  -2936.02    -2937.4292  -2937.4292  -2898.3984  -2903.362
  -2903.8816  -2911.7646  -2912.947   -2909.2444  -2909.2444  -2921.776
  -2923.638   -2927.1423  -2927.1423  -2933.2285  -2975.1597  -2942.6704
  -2942.6704  -2954.662   -2954.662   -2939.6658  -2939.6658  -2955.2952
  -2948.6086  -2977.4314  -2977.4314  -2986.2502  -3004.001   -2980.2905
  -2953.7861  -2919.411   -2919.411   -2936.439   -2917.9238  -2905.6663
  -2905.6663  -2931.2605  -2940.914   -2961.652   -2961.652   -2987.5344
  -2987.5344  -2987.5344  -2987.5344  -2987.5344  -2956.4438  -2943.5662
  -2925.1587  -2925.1587  -2938.4524  -2954.9482  -2954.9482  -2965.3025
  -2965.3025  -2979.391   -2989.9858  -2989.9858  -2972.9941  -2923.4797
  -2913.1707  -2913.1707  -2902.763   -2901.8372  -2894.3916  -2913.0671
  -2913.0671  -2932.8262  -2957.6995  -2957.6995  -2980.7546  -2984.849
  -2965.344   -2933.9421  -2963.8274  -2963.2556  -2963.2556  -2963.2556
  -2937.5251  -2943.739   -2943.739   -2931.614   -2913.442   -2913.442
  -2941.6233  -2935.4229  -2927.895   -2933.7979  -2949.8774  -2949.8774
  -2960.6006  -2978.8743  -2973.4143  -3019.8413  -3019.8413  -3015.699
  -3015.699   -3024.7773  -3016.2136  -3026.696   -3001.0781  -2928.2908
  -2946.9863  -2946.9863  -2950.4824  -2962.127   -2957.5278  -2993.616
  -2993.616   -2965.5952  -2944.1165  -2956.6804  -2956.6804  -2986.9312
  -2981.4941  -2981.4941  -2953.229   -2985.6204  -2985.6204  -2941.1008
  -2941.1008  -2932.6345  -2958.19    -2958.19    -2970.43    -2957.6116
  -2973.3086  -2973.3086  -2965.6416  -2969.2095  -2977.595   -2961.8147
  -2977.383   -2977.383   -2972.8193  -2972.8193  -2978.8933  -2954.581
  -2933.0422  -2978.3306  -2976.9775  -2950.112   -2950.112   -2884.1975
  -2884.1975  -2888.8928  -2904.1316  -2914.4214  -2914.4214  -2939.7075
  -2929.405   -2956.9482  -2912.3042  -2922.7065  -2922.7065  -2964.0862
  -2954.8784  -2954.8784  -2940.6606  -2937.2893  -2931.2156  -2931.2156
  -2920.2334  -2973.6917  -2988.0156  -2977.2217  -2975.9514  -2975.6995
  -2939.0862  -2935.699   -2935.699   -2977.6536  -2957.81    -3001.6948
  -2971.794   -2971.794   -2965.3206  -2928.2278  -2928.2278  -2923.3635
  -2896.9175  -2934.7268  -2931.2024  -2932.205   -2948.778   -2937.7979
  -2916.2004  -2959.1182  -2948.3682  -2948.3682  -2961.9268  -2961.9268
  -2976.1694  -2949.8147  -2930.8828  -2964.1516  -2940.8813  -2921.0156
  -2921.0156  -2915.1252  -2915.1252  -2907.7122  -2928.9941  -2952.9656
  -2956.5576  -2998.101   -2998.101   -2998.101   -2964.3535  -2932.9797
  -2979.0894  -2979.0894  -2979.1653  -2962.854   -2927.3174  -2927.3174
  -2940.7817  -2911.3274  -2911.3274  -2965.227   -2946.0115  -2953.8093
  -2956.539   -2953.1936  -2935.4104  -2935.4104  -2942.184   -2952.8376
  -2945.416   -2940.2485  -2928.4937  -2928.4937  -2942.0781  -2936.576
  -2964.8008  -2941.224   -2941.224   -2910.061   -2930.3086  -2930.3086
  -2906.862   -2904.1465  -2937.6165  -2922.9683  -2922.9683  -2943.0095
  -2955.1033  -2982.017   -2973.3555  -2973.3555  -2991.9836  -2991.9836
  -3002.4104  -2999.875   -2939.4297  -2934.476   -2910.1094  -2910.1094
  -2908.4062  -2909.9597  -2969.183   -2929.2756  -2989.6235  -2989.6235
  -2998.2607  -2992.978   -2992.978   -2992.978   -2992.3428  -2979.2156
  -2966.5713  -2958.115   -2967.1187  -2988.8186  -2979.581   -2979.581
  -2995.1443  -2995.1443  -3024.458   -2981.5464  -2982.3428  -2970.868
  -3007.7227  -2958.115   -2958.115   -2929.7012  -2934.0803  -2955.8213
  -2955.8213  -2955.8213  -2955.8213  -2946.7537  -2927.7058  -2942.1968
  -2945.4346  -2945.4346  -2970.7412  -2984.3252  -2935.6826  -2935.6826
  -2952.4539  -2952.4539  -2966.3267  -2946.5674  -2946.5674  -2942.8745
  -2926.3726  -2926.3726  -2948.8264  -2948.8264  -2912.319   -2912.319
  -2909.4067  -2902.1702  -2917.9333  -2949.6196  -2949.6196  -2966.9146
  -2962.0837  -2959.513   -2943.4028  -2953.8818  -2930.1626  -2897.0708
  -2899.8328  -2912.3542  -2912.3542  -2914.796   -2938.1902  -2938.1902
  -2908.9897  -2908.9897  -2882.766   -2895.32    -2897.1426  -2913.2878
  -2930.9006  -2950.5474  -2992.8176  -2966.9832  -2931.8928  -2962.8164
  -2962.8164  -2972.1663  -2955.0005  -2979.6042  -2979.6042  -2944.3823
  -2932.9302  -2924.1982  -2902.6094  -2902.6094  -2926.9287  -2957.0708
  -2957.0708  -2997.7798  -2997.7798  -3012.0732  -2985.1267  -2985.1267
  -2946.0068  -2931.0051  -2930.7651  -2938.4468  -2938.4468  -2937.4866
  -2929.3115  -2950.6172  -2949.3647  -2912.1113  -2960.0393  -3011.6206
  -2972.5654  -2937.4065  -2922.847   -2936.0596  -2952.3     -2936.094
  -2947.3123  -2947.3123  -2939.8145  -2939.8145  -2926.498   -2926.498
  -2910.0535  -2898.1763  -2931.7751  -2945.2751  -2932.9294  -2932.9294
  -2914.8218  -2933.4387  -2941.4592  -2965.258   -2955.079   -2918.193
  -2960.2842  -2949.0564  -2949.0564  -2892.0447  -2908.3318  -2915.5193
  -2997.392   -2974.7258  -2974.7258  -2974.2073  -2971.0972  -2986.0732
  -2938.8843  -2937.2175  -2935.8157  -2937.5205  -2962.4592  -2987.36
  -2977.316   -2956.809   -2956.809   -2965.3208  -2946.449   -2936.2593
  -2961.09    -2948.9275  -2946.5752  -2957.4856  -2959.549   -2959.549
  -2959.557   -2939.2554  -2971.8677  -2991.6926  -2986.2537  -2993.2852
  -2954.1768  -2943.4424  -2943.4424  -2974.0303  -2985.0054  -2985.0054
  -2997.211   -2971.0151  -2984.4014  -2989.3672  -2989.3672  -2983.4749
  -3033.5034  -3010.1792  -3012.4114  -2985.5188  -2983.1536  -2965.883 ]
2, 30
[[1.810e+01 3.400e-01 2.200e-01 2.000e-01 1.400e-01 0.000e+00]
 [7.000e-02 4.390e+01 5.800e-01 1.100e-01 2.600e-01 8.000e-02]
 [5.000e-02 2.900e-01 2.112e+01 1.000e-01 2.400e-01 2.000e-01]
 [4.100e-01 3.800e-01 3.700e-01 1.250e+01 1.500e-01 1.900e-01]
 [1.100e-01 3.200e-01 3.000e-01 2.600e-01 1.266e+01 3.500e-01]
 [9.000e-02 1.300e-01 2.000e-01 1.100e-01 2.200e-01 2.025e+01]]
[[1.10684236 0.73918874 0.47707442 0.85387353 0.37469988 0.        ]
 [0.3241913  0.41231056 0.58617404 0.31288976 0.43863424 0.2712932 ]
 [0.25980762 1.20245582 1.34372616 0.36055513 0.44988888 0.6       ]
 [0.54945427 0.54369109 0.52258971 0.98488578 0.38405729 0.46249324]
 [0.61473572 0.77175126 0.77459667 0.48207883 1.58883605 0.75332596]
 [0.24166092 0.89949986 1.12249722 0.51176166 0.67941151 0.91104336]]
0.9520740740740741
0.04701958719055389
[-55232.01    -5610.722   -5610.722   -4642.925   -4319.678   -4218.54
  -4218.54    -4180.8955  -4147.27    -4044.9585  -3949.0847  -3883.652
  -3761.3882  -3736.1309  -3736.1309  -3696.6836  -3696.6836  -3696.6836
  -3697.242   -3679.2273  -3647.7761  -3626.6787  -3603.7422  -3589.2324
  -3589.2324  -3584.9253  -3603.907   -3598.5288  -3598.5288  -3610.3025
  -3610.072   -3635.2607  -3635.2607  -3620.5676  -3616.5713  -3586.6917
  -3586.6917  -3589.5498  -3581.8977  -3564.4695  -3574.112   -3539.6777
  -3523.4841  -3523.4841  -3475.6257  -3511.2705  -3511.2705  -3489.5034
  -3490.676   -3509.4102  -3509.4102  -3497.2168  -3499.84    -3506.0156
  -3459.8806  -3478.0293  -3478.0293  -3482.6926  -3478.6895  -3502.019
  -3493.2566  -3509.0098  -3509.0098  -3507.1946  -3507.1946  -3521.7112
  -3526.2932  -3519.6487  -3526.8645  -3517.9915  -3527.6619  -3513.98
  -3513.98    -3511.0596  -3500.5889  -3518.7432  -3529.2976  -3550.4297
  -3550.4297  -3546.858   -3539.5144  -3563.7095  -3539.864   -3520.1897
  -3509.7358  -3509.7358  -3507.444   -3516.6548  -3539.7317  -3547.3186
  -3547.7407  -3555.3276  -3532.2075  -3547.664   -3547.664   -3547.664
  -3554.7769  -3554.7769  -3558.8423  -3551.1296  -3551.1296  -3527.2673
  -3527.2673  -3498.0542  -3490.1418  -3480.8037  -3479.4692  -3450.5483
  -3451.668   -3445.1252  -3434.914   -3434.914   -3418.7908  -3418.7908
  -3425.8503  -3416.4783  -3416.4783  -3457.123   -3473.614   -3473.614
  -3456.4978  -3426.486   -3426.486   -3454.9893  -3464.372   -3464.372
  -3485.356   -3484.9976  -3484.9976  -3478.017   -3504.306   -3464.7249
  -3464.7249  -3485.893   -3469.7554  -3478.7969  -3469.444   -3461.3062
  -3483.0776  -3487.943   -3487.943   -3497.526   -3500.4163  -3500.4163
  -3479.1123  -3479.1123  -3501.3794  -3486.7573  -3497.3528  -3473.116
  -3459.2156  -3459.2156  -3469.3625  -3469.3625  -3454.0767  -3458.839
  -3472.6128  -3473.8113  -3473.8113  -3480.8157  -3480.8157  -3467.8171
  -3434.9028  -3434.9028  -3464.3455  -3463.3616  -3466.0928  -3454.901
  -3475.0037  -3498.4197  -3498.4197  -3467.8284  -3472.6929  -3466.9763
  -3460.6611  -3460.6611  -3460.1492  -3460.1492  -3467.4656  -3463.3909
  -3470.264   -3470.712   -3508.749   -3487.494   -3487.494   -3464.8174
  -3457.0361  -3437.3948  -3437.3948  -3433.322   -3425.9775  -3426.574
  -3426.574   -3446.6218  -3454.7664  -3455.0762  -3461.2832  -3456.9565
  -3456.6108  -3472.5684  -3442.9104  -3442.9104  -3441.1138  -3443.1792
  -3443.1792  -3443.6978  -3443.6978  -3453.2615  -3453.2615  -3475.9888
  -3475.9888  -3472.2065  -3487.524   -3477.6091  -3459.5957  -3459.5957
  -3439.683   -3450.5667  -3438.5037  -3438.5037  -3461.8218  -3484.2275
  -3487.6628  -3485.3855  -3495.8848  -3507.6343  -3499.0671  -3499.0671
  -3496.8298  -3493.7834  -3488.774   -3465.1418  -3465.1418  -3471.8718
  -3473.5457  -3457.2102  -3457.2102  -3470.6917  -3476.354   -3454.5854
  -3482.52    -3467.953   -3467.953   -3478.19    -3480.611   -3451.166
  -3450.5264  -3450.5264  -3446.036   -3432.265   -3432.265   -3450.306
  -3450.306   -3448.2615  -3439.7954  -3449.893   -3449.893   -3450.0881
  -3450.0881  -3454.6523  -3481.4856  -3481.4856  -3472.9346  -3490.8772
  -3468.96    -3511.0415  -3490.7278  -3525.2744  -3494.9114  -3481.9438
  -3457.6357  -3457.6357  -3471.7844  -3452.88    -3452.88    -3456.3306
  -3448.3896  -3431.5334  -3431.5334  -3454.1963  -3454.1963  -3420.625
  -3421.423   -3474.1865  -3462.4517  -3432.1091  -3432.1091  -3410.0737
  -3411.1492  -3419.4734  -3409.2185  -3427.7344  -3436.448   -3433.8071
  -3412.2178  -3433.515   -3449.5698  -3453.3352  -3453.3352  -3459.1772
  -3463.2292  -3456.6567  -3456.6567  -3463.6504  -3463.6504  -3446.1147
  -3444.1255  -3492.0024  -3492.0024  -3492.0024  -3462.3386  -3454.8762
  -3472.7258  -3472.7258  -3475.4456  -3470.8494  -3491.3457  -3480.6587
  -3452.1606  -3452.1606  -3463.8228  -3464.9255  -3474.4614  -3493.114
  -3506.6167  -3506.6167  -3511.162   -3510.401   -3536.1995  -3517.0232
  -3517.0232  -3509.0732  -3511.8044  -3502.1965  -3507.4167  -3492.9119
  -3522.4546  -3522.4546  -3514.6702  -3501.6719  -3511.6829  -3498.4917
  -3477.5364  -3477.5364  -3464.657   -3469.4055  -3488.9565  -3474.098
  -3474.098   -3461.5928  -3431.3289  -3429.467   -3419.848   -3426.9412
  -3426.9412  -3428.0176  -3428.0176  -3459.678   -3459.678   -3448.993
  -3421.7473  -3411.838   -3411.838   -3416.537   -3402.2856  -3378.8066
  -3378.8066  -3390.5364  -3415.0923  -3415.0923  -3415.0923  -3411.5215
  -3411.5215  -3408.303   -3415.304   -3456.443   -3456.443   -3451.274
  -3451.274   -3451.274   -3462.3933  -3459.405   -3440.32    -3454.5562
  -3458.4844  -3428.2856  -3438.4363  -3438.4363  -3441.166   -3441.166
  -3411.09    -3439.7905  -3439.7905  -3439.0894  -3446.1545  -3463.9124
  -3457.1562  -3457.1562  -3434.284   -3455.0862  -3455.0862  -3446.817
  -3432.9502  -3451.2903  -3452.15    -3447.893   -3444.8396  -3416.1296
  -3416.1296  -3410.8904  -3419.6008  -3447.1304  -3447.1304  -3461.274
  -3456.583   -3493.1592  -3486.3418  -3493.654   -3493.654   -3500.325
  -3483.1714  -3481.2844  -3488.3506  -3488.3506  -3499.5847  -3496.1934
  -3472.3254  -3491.1863  -3506.8809  -3517.499   -3511.895   -3511.895
  -3456.2405  -3439.5522  -3437.0334  -3435.8274  -3435.8274  -3444.0261
  -3444.0261  -3461.954   -3461.954   -3474.7957  -3474.7957  -3455.1277
  -3429.4358  -3429.4358  -3420.7612  -3417.7402  -3417.7402  -3384.615
  -3384.7258  -3377.2275  -3387.0964  -3392.3843  -3392.3843  -3392.3843
  -3392.652   -3368.4753  -3367.3022  -3396.3242  -3412.2236  -3428.4724
  -3391.8613  -3391.8613  -3391.0752  -3366.3516  -3392.5593  -3423.004
  -3386.5066  -3386.5066  -3401.8997  -3389.3464  -3389.3464  -3390.1943
  -3390.1943  -3391.7905  -3363.3958  -3363.2441  -3363.2441  -3372.1545
  -3398.5186  -3396.3625  -3408.402   -3445.083   -3415.9612  -3428.1648
  -3437.981   -3422.4026  -3419.406   -3419.406   -3419.406   -3448.3367
  -3444.4893  -3444.4893  -3433.8396  -3478.8105  -3487.6853  -3487.6853
  -3518.0486  -3528.7605  -3516.594   -3523.7026  -3520.7844  -3514.5303
  -3514.5303  -3507.2847  -3499.5356  -3497.0063  -3508.0527  -3514.2275
  -3498.6714  -3550.9597  -3545.8596  -3563.8635  -3533.1497  -3540.3384
  -3529.255   -3527.873   -3527.873   -3508.8765  -3530.1067  -3533.6865
  -3515.821   -3478.421   -3468.5913  -3505.3066  -3491.2341  -3514.6003
  -3494.878   -3484.089   -3487.7473  -3487.7473  -3466.8652  -3486.441
  -3486.441   -3493.4277  -3475.5261  -3475.5261  -3475.5261  -3499.8682
  -3488.9802  -3488.9802  -3491.905   -3463.8577  -3487.7566  -3453.2168
  -3450.1355  -3449.2197  -3449.2197  -3424.6968  -3424.6968  -3428.0967
  -3414.3738  -3442.35    -3428.0356  -3439.4792  -3413.3613  -3413.3613
  -3440.783   -3475.4004  -3469.038   -3492.804   -3495.9397  -3482.6907
  -3500.255   -3500.255   -3500.255   -3492.0015  -3492.0015  -3492.0015
  -3470.395   -3482.2312  -3518.4058  -3505.787   -3493.7012  -3493.7012
  -3493.7012  -3460.4978  -3462.9849  -3463.442   -3463.442   -3453.839
  -3471.5154  -3466.8418  -3487.0544  -3487.0544  -3480.6614  -3474.9358
  -3502.157   -3517.392   -3517.392   -3517.392   -3517.392   -3517.392
  -3498.9312  -3498.9312  -3498.9312  -3496.9407  -3496.9407  -3491.7268]
2, 30
[[1.781e+01 2.800e-01 2.900e-01 4.600e-01 1.000e-01 6.000e-02]
 [8.000e-02 4.390e+01 8.400e-01 1.700e-01 1.000e-02 0.000e+00]
 [5.000e-02 6.700e-01 2.094e+01 3.000e-02 1.600e-01 1.500e-01]
 [1.000e-01 2.800e-01 4.000e-01 1.277e+01 1.700e-01 2.800e-01]
 [1.200e-01 2.800e-01 1.700e-01 1.900e-01 1.313e+01 1.100e-01]
 [4.000e-02 2.400e-01 3.100e-01 1.000e-01 4.700e-01 1.984e+01]]
[[1.16357209 0.58446557 0.52335456 1.08461975 0.33166248 0.23748684]
 [0.2712932  0.38729833 0.56071383 0.3756328  0.09949874 0.        ]
 [0.21794495 0.83731714 1.04709121 0.17058722 0.44090815 0.4769696 ]
 [0.3        0.51146847 0.6        0.89280457 0.3756328  0.49152823]
 [0.54369109 0.91956511 0.52640289 0.44034078 1.20544598 0.74959989]
 [0.19595918 0.98508883 0.99694533 0.3        0.5444263  1.16150764]]
0.9510370370370370
0.04339051715800013
[-11147.854   -3834.3328  -3093.4539  -2960.0044  -2960.0044  -2922.694
  -2956.68    -2962.2285  -2935.2764  -2935.2764  -2940.7756  -2940.7756
  -2939.1963  -2958.3745  -2908.3906  -2910.3691  -2885.3547  -2918.8
  -2943.2644  -2943.2644  -2943.2644  -2939.7043  -2923.5588  -2923.5588
  -2923.5588  -2915.4702  -2891.266   -2905.6033  -2952.3936  -2971.62
  -2984.922   -2886.8323  -2886.8323  -2919.0037  -2919.798   -2966.2715
  -2966.2715  -2975.3794  -2975.948   -2990.0579  -3005.3267  -2926.4773
  -2939.1768  -2918.3699  -2935.6284  -2935.6284  -2914.4626  -2957.48
  -2957.48    -2959.8938  -2942.7073  -2942.7073  -2971.9888  -2972.9407
  -2974.5222  -2938.918   -2921.095   -2933.2205  -2933.2205  -2917.0288
  -2917.0288  -2943.9482  -2940.0518  -2890.298   -2942.5005  -2942.5005
  -2943.6814  -2963.621   -2907.728   -2907.728   -2971.5642  -2907.4656
  -2907.4656  -2917.6167  -2879.4329  -2879.4329  -2873.6948  -2910.8691
  -2910.8691  -2910.7344  -2909.158   -2921.4138  -2908.8157  -2938.0771
  -2920.7305  -2926.9407  -2937.0942  -2949.7131  -2897.8364  -3005.6526
  -2957.5835  -2925.88    -2883.936   -2883.936   -2894.3145  -2939.1907
  -2939.1907  -2923.1423  -2935.618   -2968.1113  -2995.2715  -2995.2715
  -3008.723   -3006.2715  -2997.3767  -2997.3767  -2998.8027  -2998.8027
  -3001.499   -3001.499   -2984.044   -3028.0527  -2999.3037  -2999.3037
  -2992.2349  -2913.2107  -2914.3735  -2914.3735  -2914.3735  -2914.3735
  -2944.3467  -2929.0042  -2974.3018  -2922.6448  -2922.6448  -2903.6438
  -2903.6438  -2907.7297  -2895.888   -2916.3013  -2921.927   -2921.927
  -2939.3008  -2936.546   -3008.3293  -3008.3293  -3011.0254  -3011.0254
  -2994.485   -2983.2349  -2954.3914  -2950.2068  -2955.4402  -2945.192
  -2946.6675  -2913.7937  -2950.4817  -2994.1897  -2987.574   -2964.2275
  -2962.5437  -2946.7817  -2941.7156  -2922.3472  -2922.3472  -2896.5945
  -2916.4006  -2916.4006  -2916.4006  -2946.5288  -2925.6414  -2925.6414
  -2902.3833  -2957.503   -2934.0632  -2914.3757  -2914.3757  -2914.3757
  -2924.0737  -2904.5256  -2978.207   -2978.207   -2968.1802  -2956.6907
  -2930.7815  -2897.7368  -2913.5234  -2937.2383  -2937.2383  -2933.7153
  -2930.258   -2932.2605  -2919.0403  -2939.0144  -2942.6306  -2942.6306
  -2929.5837  -2938.2314  -2938.2314  -2938.2314  -2947.8076  -2931.4585
  -2931.4585  -2942.1208  -2909.7397  -2929.6711  -2943.818   -2882.332
  -2953.1746  -2953.1746  -2934.0034  -2950.8743  -2950.8743  -2939.279
  -2960.004   -2960.004   -2960.4182  -2977.9106  -2997.3157  -2969.793
  -2939.1804  -2939.8564  -2939.8564  -2976.9297  -2961.5732  -2964.0356
  -2944.5334  -2944.5334  -2944.5334  -2924.0535  -2895.4797  -2918.8235
  -2899.864   -2899.864   -2870.8213  -2903.1033  -2935.2559  -2940.5972
  -2940.5972  -2914.8445  -2897.9644  -2928.341   -2885.6533  -3001.362
  -2926.25    -2926.25    -2952.409   -2952.409   -2999.4175  -2966.1316
  -2937.9912  -2938.9824  -2938.9824  -2938.9824  -2920.7263  -2920.7432
  -2916.9521  -2915.4863  -2923.663   -2923.58    -2929.7935  -2921.47
  -2921.47    -2932.9785  -2973.6335  -2973.6335  -2986.673   -2986.673
  -2996.1577  -2990.5217  -2885.2383  -2885.2383  -2926.6807  -2983.9548
  -2950.8616  -2945.573   -2945.573   -2972.7202  -3010.5867  -2955.0828
  -2955.0828  -2946.6294  -2955.723   -2983.3992  -2983.3992  -2938.3638
  -2938.3638  -2909.7195  -3018.737   -2989.8145  -2989.8145  -2986.6733
  -2981.3875  -2948.556   -2934.8677  -2956.3025  -2956.3025  -2956.3025
  -2956.3025  -2991.0369  -2972.5725  -2972.5725  -2959.4165  -2931.7363
  -3001.284   -2960.1023  -2960.1023  -2960.1023  -2923.6274  -2973.577
  -2991.3022  -2991.3022  -2983.1511  -2946.8765  -2946.8765  -2946.8765
  -2973.751   -2975.3574  -2975.3574  -2975.3574  -2999.9395  -2963.0464
  -2946.1519  -2912.4429  -2951.551   -2951.551   -2956.171   -2980.1355
  -2928.2336  -2968.7456  -2968.7456  -2968.7456  -2968.6208  -2968.6208
  -2971.6758  -2941.9788  -2941.9788  -2993.0063  -2973.8777  -2911.219
  -2911.219   -2911.219   -2911.3667  -2900.9253  -2900.9253  -2940.5955
  -2910.4026  -2910.4026  -2904.6575  -2903.9724  -2935.5527  -2960.7217
  -2986.3516  -2986.3516  -2974.6992  -2956.8945  -2927.5835  -2927.5835
  -2923.0295  -2952.3464  -2949.0789  -2982.1475  -2982.1475  -2982.1475
  -2976.7273  -3012.28    -2993.9395  -2993.9395  -2976.53    -2906.7302
  -2929.4622  -2929.4622  -2929.4622  -2889.0447  -2908.9277  -2898.1433
  -2879.8472  -2917.3787  -2951.485   -2951.485   -2951.485   -2947.5942
  -2925.947   -2925.947   -2930.1658  -2962.2893  -2991.5435  -3017.793
  -2975.5005  -2944.6865  -2941.3503  -2937.113   -2961.9587  -2905.119
  -2905.119   -2932.3535  -2918.5168  -2958.0884  -2954.646   -2918.233
  -2918.233   -2938.9058  -2963.1443  -2963.1443  -2950.6775  -2923.2134
  -2868.102   -2917.2515  -2931.5073  -2943.462   -2967.1614  -2950.149
  -2982.3938  -2982.3938  -2928.873   -2928.873   -2928.873   -2926.0574
  -2926.0574  -2952.5493  -2898.4768  -2898.4768  -2903.5444  -2903.5444
  -2882.8928  -2980.5237  -3000.108   -2947.4353  -2947.4353  -2947.4353
  -2942.08    -2970.7456  -2924.3447  -2964.7031  -3005.541   -2990.4785
  -2964.407   -2934.4226  -2909.1367  -2928.4775  -2913.7844  -2889.0786
  -2910.6113  -2917.4236  -2926.6235  -2893.4858  -2968.9016  -2962.4263
  -2939.5435  -2939.5435  -2917.236   -2942.5962  -2994.339   -2994.339
  -2994.339   -3002.9084  -3035.697   -3021.004   -2995.9246  -2995.9246
  -2971.1687  -2919.074   -2897.7588  -2897.7588  -2896.4478  -2922.6528
  -2922.6528  -2898.372   -2936.7156  -2936.7156  -2915.322   -2952.1406
  -2923.2007  -2922.6143  -2929.3008  -2933.4526  -2975.9495  -2973.1147
  -2936.1614  -2936.1614  -2913.041   -2895.6794  -2945.1516  -2964.7686
  -2964.7686  -2950.0503  -2949.867   -2994.7896  -2942.105   -2942.105
  -2965.9631  -2964.7026  -2955.336   -2993.015   -2993.015   -2993.015
  -2970.8533  -2970.8533  -2970.8533  -2981.2358  -2996.4248  -2920.6243
  -2920.6243  -2920.6243  -2964.4524  -2908.986   -2908.986   -2943.204
  -2932.5955  -2920.2517  -2894.4958  -2924.3342  -2990.4634  -2990.4634
  -3013.6663  -3013.6663  -2938.2234  -2967.2969  -2942.3044  -2932.7153
  -2911.7686  -2908.2832  -2946.2205  -2926.3608  -2943.6575  -2943.6575
  -2924.713   -2959.7698  -2936.7205  -2914.2754  -2927.8323  -2924.5642
  -2919.6897  -2948.936   -2948.936   -3005.8281  -2989.806   -2980.1519
  -2933.3708  -2998.1616  -2962.8264  -2994.5957  -2960.3645  -2945.1958
  -2925.2483  -2925.2483  -2934.372   -2941.8684  -2948.0786  -2935.2607
  -2958.8206  -2968.153   -2954.751   -2948.6045  -2923.5054  -2914.7559
  -2924.6587  -2889.791   -2918.895   -2931.9172  -2985.7864  -3015.1167
  -3001.5015  -3001.5015  -2930.2021  -2958.7847  -2940.5046  -2951.4062
  -2951.4062  -2968.132   -2960.5088  -3021.2424  -2955.4922  -2948.2366
  -2948.2366  -2946.9756  -2946.9756  -2946.9756  -2965.3528  -2973.8237
  -2973.8237  -2973.8237  -2973.8237  -2917.471   -2948.6577  -2946.8762
  -2912.625   -2923.9343  -2978.577   -2950.164   -2978.1504  -2889.7175
  -2892.3628  -2901.3848  -2906.328   -2919.1223  -2938.8542  -2912.3337
  -2933.6035  -2894.1584  -2918.1003  -2938.836   -2918.6147  -2886.9514
  -2953.4722  -2953.4722  -2922.1196  -2875.527   -2930.3179  -2900.4612]
2, 30
[[1.814e+01 2.800e-01 2.100e-01 1.200e-01 1.700e-01 8.000e-02]
 [1.400e-01 4.433e+01 2.500e-01 1.800e-01 5.000e-02 5.000e-02]
 [3.000e-02 1.900e-01 2.139e+01 1.000e-01 1.800e-01 1.100e-01]
 [1.500e-01 2.000e-01 1.400e-01 1.321e+01 1.400e-01 1.600e-01]
 [1.200e-01 1.700e-01 1.200e-01 1.800e-01 1.336e+01 5.000e-02]
 [5.000e-02 2.200e-01 1.600e-01 3.000e-02 1.600e-01 2.038e+01]]
[[1.17915224 0.72773622 0.60819405 0.89755223 0.40137264 0.2712932 ]
 [0.46946778 0.60091597 0.58949131 0.44899889 0.21794495 0.21794495]
 [0.17058722 0.86365502 1.14472704 0.46904158 0.40938979 0.36660606]
 [0.40926764 0.4        0.68585713 0.88651001 0.34698703 0.36660606]
 [0.5192302  0.85621259 0.54       0.66       1.18760263 0.68373972]
 [0.21794495 0.89643739 0.9901515  0.17058722 0.52915026 1.10923397]]
0.9689629629629630
0.04524549522458522
[-20643.105   -5352.5293  -5352.5293  -4811.0176  -4156.95    -3820.0046
  -3660.442   -3660.442   -3631.592   -3642.6821  -3592.8142  -3568.5613
  -3572.0251  -3560.1973  -3565.2368  -3566.8157  -3530.061   -3530.061
  -3540.6208  -3510.7754  -3545.8142  -3545.8142  -3544.2427  -3548.9946
  -3519.9626  -3519.9626  -3519.9626  -3501.8389  -3474.4104  -3474.4104
  -3492.7185  -3483.334   -3504.0037  -3488.5242  -3486.1865  -3486.1865
  -3492.2341  -3495.521   -3512.051   -3533.7695  -3533.7695  -3526.1897
  -3526.2515  -3526.2515  -3464.061   -3464.061   -3461.0703  -3472.1143
  -3480.0688  -3480.0688  -3497.521   -3442.5977  -3488.9187  -3575.926
  -3575.926   -3575.926   -3571.4255  -3550.5923  -3550.5923  -3508.6099
  -3508.6099  -3520.4678  -3520.4678  -3545.1665  -3510.1572  -3464.3723
  -3464.3723  -3464.3723  -3464.3723  -3458.1008  -3434.9644  -3434.9644
  -3430.354   -3452.9375  -3446.6433  -3445.2432  -3454.621   -3454.621
  -3468.025   -3443.3223  -3453.2466  -3471.5254  -3492.566   -3484.6182
  -3517.4717  -3517.4717  -3501.0686  -3507.5603  -3500.0752  -3478.0366
  -3478.0366  -3505.9543  -3456.7883  -3407.6243  -3443.008   -3494.3418
  -3493.1755  -3493.1755  -3495.6677  -3519.494   -3459.5203  -3467.3025
  -3431.3823  -3431.3823  -3431.3823  -3431.3823  -3426.4602  -3445.5999
  -3459.1685  -3459.1685  -3465.2764  -3465.2764  -3463.143   -3499.2568
  -3495.0664  -3511.054   -3511.054   -3497.187   -3483.501   -3515.5125
  -3515.5125  -3500.201   -3496.109   -3506.3833  -3506.3833  -3491.025
  -3445.0151  -3444.5864  -3457.7163  -3484.824   -3481.8364  -3481.8364
  -3479.6384  -3494.616   -3494.616   -3513.5178  -3513.5178  -3521.7126
  -3558.26    -3554.5544  -3586.563   -3565.668   -3508.0103  -3508.0103
  -3509.2388  -3486.7698  -3486.7698  -3486.7698  -3501.6392  -3501.6392
  -3492.2383  -3520.986   -3520.986   -3542.8481  -3529.816   -3529.816
  -3516.102   -3516.102   -3526.2874  -3536.2332  -3536.2332  -3541.4663
  -3541.4663  -3498.3987  -3497.2063  -3497.2063  -3497.2063  -3494.367
  -3494.367   -3522.5603  -3530.856   -3495.607   -3447.1804  -3447.1804
  -3467.0579  -3487.6733  -3487.6733  -3476.509   -3497.318   -3484.07
  -3484.07    -3497.45    -3499.1125  -3487.948   -3533.049   -3551.4795
  -3545.457   -3545.457   -3528.293   -3528.293   -3507.5835  -3526.3713
  -3530.2498  -3530.2498  -3508.6682  -3525.14    -3537.0156  -3497.0984
  -3497.0984  -3497.0984  -3465.5496  -3446.6897  -3436.259   -3436.259
  -3404.6104  -3404.6104  -3436.4175  -3447.7458  -3447.7458  -3434.7397
  -3416.3374  -3342.6091  -3342.6091  -3398.2893  -3427.7346  -3427.7346
  -3416.5623  -3433.6042  -3463.1448  -3522.6833  -3490.4602  -3491.681
  -3470.1523  -3470.1523  -3486.914   -3454.9749  -3501.8064  -3501.8064
  -3504.786   -3478.9768  -3487.335   -3487.4624  -3487.4624  -3470.5303
  -3503.786   -3502.3438  -3488.6594  -3478.0908  -3478.0908  -3499.7363
  -3523.5537  -3508.0962  -3493.2778  -3519.4854  -3501.4617  -3501.4617
  -3501.5608  -3498.9907  -3517.6458  -3490.3738  -3505.0452  -3497.0044
  -3497.0044  -3503.047   -3492.0881  -3454.779   -3539.848   -3539.848
  -3511.2146  -3491.029   -3510.649   -3531.0535  -3538.555   -3538.555
  -3538.952   -3533.4548  -3534.445   -3557.687   -3557.687   -3550.3752
  -3584.8865  -3584.8865  -3581.7805  -3605.0664  -3598.7966  -3587.1074
  -3564.6187  -3564.6187  -3549.34    -3551.5632  -3550.457   -3550.457
  -3568.0176  -3570.346   -3534.6062  -3549.5498  -3549.5498  -3555.8533
  -3580.061   -3580.061   -3586.154   -3586.154   -3588.964   -3612.3909
  -3592.7004  -3592.7004  -3614.506   -3614.506   -3629.7166  -3637.2825
  -3596.2998  -3581.1426  -3598.1934  -3606.7012  -3614.407   -3579.135
  -3579.135   -3588.256   -3555.6118  -3551.8147  -3517.6687  -3511.1921
  -3511.1921  -3538.4111  -3508.423   -3485.0293  -3501.9216  -3501.9216
  -3501.9216  -3501.2878  -3501.2878  -3506.6008  -3489.193   -3489.193
  -3484.8616  -3484.8616  -3484.8616  -3474.4314  -3461.5994  -3444.1616
  -3440.9033  -3417.588   -3415.4736  -3417.851   -3436.2803  -3455.4663
  -3508.3662  -3505.9412  -3496.2854  -3533.441   -3493.8738  -3493.8738
  -3545.178   -3506.0667  -3487.483   -3487.483   -3474.2932  -3474.2932
  -3431.966   -3436.8628  -3436.8628  -3441.6504  -3460.8755  -3443.7666
  -3443.7666  -3443.7666  -3414.8445  -3426.764   -3439.3774  -3448.4768
  -3464.6057  -3419.8977  -3419.8977  -3419.8977  -3499.392   -3524.1604
  -3524.1604  -3524.1604  -3519.1416  -3516.2437  -3509.0884  -3495.5618
  -3515.959   -3497.6174  -3497.6174  -3496.1084  -3512.8086  -3512.8086
  -3502.4717  -3457.3193  -3473.9575  -3493.6438  -3493.6438  -3466.9277
  -3478.2212  -3494.5286  -3469.654   -3469.654   -3448.5793  -3464.9385
  -3464.9385  -3459.9692  -3457.3489  -3452.0254  -3463.9285  -3475.802
  -3434.1355  -3434.1355  -3434.1355  -3427.9324  -3427.9324  -3430.9407
  -3422.706   -3446.6472  -3455.7004  -3414.8657  -3466.5342  -3475.3997
  -3500.7302  -3489.0623  -3489.0623  -3489.0623  -3477.4006  -3474.6194
  -3501.7546  -3501.7546  -3485.4385  -3485.4385  -3476.763   -3456.8616
  -3460.1135  -3477.5686  -3454.9158  -3446.159   -3446.159   -3452.6912
  -3478.0935  -3482.6655  -3497.281   -3472.3425  -3472.3425  -3494.3865
  -3516.5166  -3516.5166  -3516.5166  -3527.883   -3527.883   -3539.2249
  -3539.2249  -3539.2249  -3518.484   -3510.8582  -3527.3796  -3539.6624
  -3539.6624  -3527.235   -3525.1738  -3530.8472  -3532.2795  -3543.1533
  -3543.1533  -3543.1533  -3543.1533  -3551.5745  -3510.223   -3510.223
  -3485.669   -3495.035   -3451.6714  -3451.6714  -3476.6255  -3477.7593
  -3477.7593  -3477.7593  -3498.5615  -3498.5615  -3467.0933  -3462.9136
  -3507.2124  -3453.1636  -3453.1636  -3415.4094  -3411.2295  -3411.2295
  -3411.2295  -3411.2295  -3428.3909  -3461.1494  -3461.1494  -3525.2998
  -3453.9302  -3410.927   -3412.8994  -3412.8994  -3435.1685  -3445.1875
  -3491.6926  -3490.6736  -3456.819   -3497.5613  -3497.5613  -3478.1782
  -3459.5154  -3459.5154  -3454.6128  -3440.464   -3451.1921  -3447.0056
  -3440.339   -3440.339   -3443.0225  -3443.9785  -3501.1592  -3475.5994
  -3469.6777  -3469.6777  -3464.349   -3477.9702  -3475.4268  -3481.3674
  -3498.6504  -3516.656   -3516.656   -3547.2563  -3547.2563  -3530.3354
  -3501.1128  -3488.0347  -3499.1665  -3475.5708  -3513.8662  -3525.2273
  -3488.847   -3499.119   -3507.925   -3491.0322  -3457.5046  -3457.5046
  -3442.1304  -3475.4565  -3468.5051  -3468.865   -3454.3003  -3445.9072
  -3431.1409  -3432.1055  -3419.4495  -3411.6885  -3386.9683  -3406.8376
  -3397.103   -3397.103   -3397.2832  -3400.2993  -3438.775   -3423.4321
  -3442.8616  -3468.9617  -3468.9617  -3472.8818  -3482.838   -3523.6409
  -3528.157   -3530.0444  -3527.8892  -3526.2317  -3525.861   -3525.861
  -3525.861   -3468.3342  -3459.911   -3488.299   -3488.299   -3506.5042
  -3506.5042  -3506.5042  -3508.1313  -3480.965   -3480.965   -3454.0688
  -3454.0688  -3454.0688  -3456.65    -3474.438   -3454.524   -3474.9062
  -3483.63    -3483.63    -3517.608   -3507.861   -3506.636   -3506.636
  -3537.7341  -3551.1865  -3533.6477  -3503.2026  -3503.2026  -3503.2026
  -3495.1118  -3524.273   -3527.5552  -3492.2952  -3469.6108  -3519.2485
  -3493.4817  -3518.1157  -3518.1157  -3517.4485  -3521.9863  -3493.9778]
2, 30
[[1.772e+01 2.700e-01 1.300e-01 2.700e-01 4.100e-01 2.000e-01]
 [5.000e-02 4.455e+01 3.600e-01 3.000e-02 1.000e-02 0.000e+00]
 [6.000e-02 5.400e-01 2.121e+01 1.000e-02 1.200e-01 6.000e-02]
 [3.200e-01 1.300e-01 4.000e-02 1.290e+01 2.900e-01 3.200e-01]
 [1.000e-01 1.100e-01 1.400e-01 1.700e-01 1.332e+01 1.600e-01]
 [1.200e-01 1.500e-01 1.600e-01 9.000e-02 1.200e-01 2.036e+01]]
[[1.24963995 0.88153276 0.94503968 0.93653617 1.30456889 0.50990195]
 [0.21794495 0.62249498 0.59194594 0.17058722 0.09949874 0.        ]
 [0.23748684 0.78       0.91972822 0.09949874 0.3544009  0.23748684]
 [0.52687759 0.33630343 0.19595918 0.76811457 0.57087652 0.4874423 ]
 [1.08166538 0.60819405 0.55172457 0.5450688  1.20399336 0.50239427]
 [0.45343136 0.49749372 0.67260687 0.40137264 0.90862534 1.08055541]]
0.96340740740740741
0.043292788827852334
[-19283.11    -7264.589   -7264.589   -6802.049   -6612.6865  -6503.6396
  -6435.2554  -6334.62    -6306.6445  -6306.6445  -6304.0527  -6272.1934
  -6279.1177  -6279.1177  -6271.7144  -6255.121   -6254.2803  -6230.9014
  -6230.9014  -6188.8823  -6190.106   -6122.178   -6117.5225  -6117.5225
  -6142.6655  -6181.2476  -6181.2476  -6193.2764  -6217.8647  -6179.274
  -6171.2437  -6171.7803  -6166.198   -6166.198   -6168.77    -6199.084
  -6178.884   -6201.72    -6201.72    -6211.3486  -6145.5986  -6138.7236
  -6126.4175  -6126.4175  -6127.339   -6140.225   -6189.745   -6189.745
  -6179.4316  -6163.2856  -6137.5425  -6137.5425  -6086.824   -6157.432
  -6157.432   -6146.404   -6132.612   -6164.374   -6164.374   -6166.5845
  -6189.5083  -6160.7275  -6166.518   -6175.3657  -6154.2153  -6054.681
  -6054.681   -6056.6245  -6059.1514  -6071.882   -6151.7573  -6146.8184
  -6144.61    -6121.6753  -6121.6753  -6123.71    -6123.71    -6123.71
  -6121.6606  -6150.0884  -6099.25    -6075.1216  -6075.1216  -6075.1216
  -6071.2944  -6071.2944  -6078.926   -6075.267   -6075.267   -6117.469
  -6124.077   -6124.077   -6107.03    -6113.271   -6132.398   -6092.531
  -6096.6533  -6169.835   -6191.903   -6200.978   -6196.1445  -6191.2354
  -6145.8105  -6145.8105  -6174.072   -6134.2573  -6130.651   -6130.651
  -6132.0166  -6133.182   -6082.8315  -6038.9077  -6046.9644  -6061.9893
  -6106.842   -6106.842   -6124.7773  -6130.2075  -6122.4604  -6107.7627
  -6094.1167  -6179.35    -6179.35    -6210.5103  -6182.963   -6117.342
  -6117.342   -6122.43    -6137.6157  -6074.0005  -6074.0005  -6098.9463
  -6151.3774  -6151.3774  -6138.959   -6138.959   -6140.4224  -6140.4224
  -6140.4224  -6124.3027  -6124.3027  -6124.3027  -6108.16    -6091.5225
  -6144.642   -6126.422   -6126.422   -6149.96    -6141.727   -6103.756
  -6084.613   -6084.613   -6106.2954  -6102.0693  -6102.3477  -6102.3477
  -6102.3477  -6122.416   -6094.369   -6068.78    -6068.78    -6046.5337
  -6078.8135  -6078.8135  -6100.6704  -6107.6587  -6112.505   -6112.505
  -6102.7603  -6102.7603  -6104.6553  -6104.6553  -6104.6553  -6064.7354
  -6044.689   -6067.197   -6112.017   -6112.017   -6134.668   -6134.668
  -6105.08    -6110.823   -6118.268   -6141.254   -6141.254   -6115.957
  -6115.957   -6127.7646  -6143.486   -6150.252   -6156.211   -6156.211
  -6156.825   -6145.8667  -6140.0376  -6092.0127  -6112.34    -6103.6177
  -6081.456   -6108.753   -6035.002   -6084.245   -6107.761   -6105.2427
  -6094.1943  -6113.599   -6113.599   -6127.7227  -6127.7227  -6120.143
  -6131.2925  -6131.2925  -6128.5073  -6124.2876  -6112.656   -6137.476
  -6149.634   -6149.634   -6133.3066  -6133.3066  -6124.9473  -6119.6064
  -6104.6963  -6105.571   -6080.4927  -6080.4927  -6094.64    -6119.601
  -6120.421   -6120.421   -6108.294   -6153.158   -6182.3496  -6182.3496
  -6182.8403  -6198.0913  -6196.82    -6158.9883  -6133.287   -6146.0425
  -6132.173   -6132.173   -6132.173   -6127.953   -6121.997   -6121.997
  -6134.3364  -6134.3364  -6147.721   -6115.6455  -6154.2314  -6171.863
  -6130.3115  -6196.4824  -6148.297   -6148.297   -6130.4614  -6155.6646
  -6141.074   -6092.038   -6118.59    -6140.1445  -6133.341   -6133.341
  -6123.5024  -6142.762   -6219.656   -6161.6626  -6157.454   -6167.1753
  -6167.1753  -6153.0283  -6153.0283  -6115.2964  -6097.898   -6126.104
  -6151.9414  -6175.712   -6120.5635  -6097.0625  -6064.777   -6064.777
  -6077.08    -6075.6714  -6106.523   -6106.523   -6097.3438  -6097.3438
  -6060.5146  -6064.2817  -6086.6255  -6062.4937  -6062.4937  -6132.5195
  -6211.908   -6176.4067  -6176.4067  -6152.44    -6091.5586  -6115.658
  -6122.6284  -6122.6284  -6112.108   -6060.942   -6023.125   -6023.125
  -6032.016   -6028.9165  -6028.9165  -6028.9165  -6040.929   -6056.06
  -6056.06    -6056.06    -6046.7583  -6046.7583  -6040.4062  -6040.4062
  -6040.4062  -6094.807   -6073.339   -6070.0254  -6070.0254  -6057.812
  -6057.812   -6038.975   -6100.2295  -6141.4526  -6142.314   -6142.314
  -6141.473   -6166.73    -6156.7095  -6183.074   -6183.074   -6182.721
  -6224.1143  -6224.1143  -6202.056   -6204.127   -6210.172   -6210.172
  -6182.889   -6175.289   -6172.319   -6183.866   -6183.866   -6189.0557
  -6208.4663  -6159.8477  -6172.4487  -6153.535   -6153.535   -6166.4785
  -6186.971   -6193.124   -6227.8247  -6225.6523  -6254.2495  -6202.9272
  -6202.9272  -6207.596   -6168.016   -6178.037   -6142.241   -6142.241
  -6142.7036  -6135.2603  -6088.3423  -6115.51    -6137.833   -6137.833
  -6117.5444  -6130.4316  -6108.5254  -6090.956   -6091.108   -6078.5537
  -6078.5537  -6086.4053  -6089.43    -6089.43    -6072.03    -6082.6436
  -6082.6436  -6086.4834  -6117.0073  -6140.655   -6140.655   -6084.28
  -6072.3145  -6092.69    -6092.69    -6130.6704  -6156.3984  -6128.4634
  -6127.9473  -6127.9473  -6163.134   -6167.9526  -6191.9727  -6176.177
  -6176.177   -6128.214   -6128.214   -6103.8535  -6066.3545  -6056.7637
  -6056.7637  -6061.8394  -6053.839   -6089.285   -6089.285   -6101.5645
  -6075.619   -6075.619   -6086.221   -6031.545   -6031.545   -6037.0874
  -6045.979   -6048.199   -6082.757   -6163.2056  -6163.2056  -6232.754
  -6232.754   -6217.69    -6205.2197  -6175.1685  -6156.0107  -6133.087
  -6071.5923  -6071.5923  -6078.9434  -6066.7393  -6106.388   -6156.135
  -6156.135   -6146.1494  -6143.3545  -6161.3643  -6161.3643  -6133.997
  -6160.9756  -6122.104   -6154.2725  -6127.5215  -6127.5215  -6109.578
  -6066.0986  -6036.2173  -6036.2173  -6036.2173  -6057.2007  -6048.751
  -6064.6094  -6064.6094  -6055.075   -6105.756   -6062.926   -6058.626
  -6058.626   -6064.0254  -6192.4595  -6129.8374  -6129.8374  -6126.286
  -6117.948   -6062.198   -6120.42    -6120.42    -6120.42    -6167.0195
  -6143.623   -6163.956   -6163.956   -6152.354   -6140.0444  -6132.302
  -6078.8213  -6116.7954  -6091.8823  -6091.8823  -6143.537   -6131.6494
  -6129.8506  -6129.8506  -6094.948   -6053.3735  -6036.9756  -6069.277
  -6069.277   -6064.3247  -6103.287   -6119.344   -6188.287   -6188.287
  -6188.287   -6145.8647  -6145.8647  -6145.8647  -6145.8647  -6149.757
  -6127.6475  -6110.8174  -6135.3696  -6086.2466  -6086.2466  -6175.6187
  -6137.599   -6137.599   -6122.628   -6122.628   -6122.628   -6148.6367
  -6149.648   -6097.859   -6053.47    -6081.0156  -6122.3633  -6134.321
  -6087.1987  -6061.124   -6070.8013  -6103.0806  -6105.484   -6077.2153
  -6080.9946  -6092.7437  -6100.236   -6114.867   -6131.4805  -6086.222
  -6071.4995  -6109.066   -6109.066   -6109.066   -6105.8364  -6092.626
  -6062.9556  -6062.9556  -6062.9556  -6071.8525  -6055.9907  -6049.1504
  -6116.6284  -6151.1855  -6151.1855  -6164.643   -6120.6465  -6118.898
  -6121.4316  -6173.4316  -6152.4717  -6135.155   -6117.001   -6154.411
  -6154.411   -6097.1978  -6115.0054  -6115.0054  -6094.5815  -6078.5547
  -6078.5547  -6123.99    -6139.6274  -6139.6274  -6116.417   -6073.066
  -6115.2705  -6100.112   -6152.223   -6182.      -6200.0566  -6228.9585
  -6231.5454  -6235.476   -6215.19    -6271.8237  -6266.155   -6236.0645
  -6244.5386  -6186.0947  -6134.956   -6097.3584  -6099.0894  -6152.3555
  -6175.8433  -6155.192   -6130.466   -6149.274   -6111.4043  -6039.609
  -6093.759   -6093.759   -6092.2046  -6075.3145  -6120.7397  -6144.158 ]
2, 30
[[1.764e+01 3.700e-01 3.500e-01 3.600e-01 2.600e-01 2.000e-02]
 [4.000e-02 4.471e+01 2.200e-01 1.000e-02 2.000e-02 0.000e+00]
 [1.200e-01 4.900e-01 2.114e+01 0.000e+00 1.600e-01 9.000e-02]
 [1.900e-01 9.000e-02 7.000e-02 1.344e+01 1.100e-01 1.000e-01]
 [1.900e-01 7.000e-02 2.500e-01 6.000e-02 1.330e+01 1.300e-01]
 [8.000e-02 4.000e-02 9.000e-02 2.300e-01 1.200e-01 2.044e+01]]
[[1.52       0.86162637 1.00254676 1.07721864 1.35185058 0.14      ]
 [0.24166092 0.53469618 0.46       0.09949874 0.14       0.        ]
 [0.3544009  1.02464628 1.23709337 0.         0.41761226 0.28618176]
 [0.3923009  0.28618176 0.25514702 0.71860977 0.6556676  0.4       ]
 [0.79598995 0.68256868 0.47958315 0.23748684 1.00498756 0.78300702]
 [0.39191836 0.28       0.44933284 0.53469618 1.10072703 1.13207774]]
0.9679259259259259
0.04553677488766602
[-56151.918  -56151.918  -56151.918  -43489.9    -33516.957  -33516.957
 -28879.521  -22099.732  -21641.506  -20340.535  -17387.902  -12134.994
 -11054.316   -9271.354   -8420.609   -7589.4995  -7297.4473  -7276.1636
  -7276.1636  -7261.7505  -7248.861   -7278.357   -7286.8306  -7286.8306
  -7283.244   -7287.0757  -7282.947   -7274.5605  -7254.072   -7254.072
  -7274.742   -7274.742   -7285.639   -7291.597   -7287.168   -7287.168
  -7293.918   -7291.3545  -7257.7305  -7239.8696  -7239.8696  -7262.318
  -7269.1587  -7286.6924  -7273.2983  -7273.2983  -7290.911   -7321.0884
  -7303.2026  -7328.65    -7328.65    -7344.21    -7303.4526  -7303.4526
  -7298.997   -7319.6143  -7310.3877  -7285.237   -7296.586   -7296.586
  -7306.9346  -7296.2617  -7278.9595  -7290.7734  -7290.7734  -7290.7734
  -7294.8706  -7307.623   -7309.679   -7319.439   -7319.3853  -7319.3853
  -7323.0933  -7316.3447  -7316.3447  -7315.4956  -7328.427   -7328.427
  -7342.309   -7346.2803  -7290.0825  -7289.781   -7289.781   -7288.838
  -7290.3057  -7282.202   -7282.202   -7278.6587  -7288.831   -7289.556
  -7299.3135  -7299.3135  -7306.3105  -7283.7075  -7254.9873  -7226.9136
  -7222.495   -7253.0967  -7286.7476  -7286.7476  -7303.609   -7297.4287
  -7286.2373  -7280.721   -7329.6455  -7308.2744  -7299.675   -7297.8726
  -7297.8726  -7312.729   -7305.7837  -7305.7837  -7308.404   -7276.1274
  -7287.1934  -7287.1934  -7269.9233  -7246.237   -7239.7085  -7239.7085
  -7266.594   -7225.9575  -7220.625   -7220.625   -7212.435   -7237.695
  -7284.8877  -7284.8877  -7291.7295  -7304.828   -7304.828   -7317.278
  -7311.13    -7303.764   -7303.764   -7312.4126  -7316.6504  -7290.2217
  -7296.586   -7289.275   -7289.275   -7289.275   -7283.4683  -7272.9033
  -7268.6987  -7268.6987  -7275.036   -7289.8315  -7288.4546  -7286.559
  -7286.559   -7298.3374  -7304.042   -7304.042   -7291.315   -7278.1387
  -7307.528   -7248.8506  -7296.5913  -7273.4805  -7280.723   -7280.723
  -7276.8843  -7297.2554  -7334.718   -7334.718   -7318.7734  -7337.4883
  -7337.7866  -7329.1777  -7329.1777  -7335.715   -7334.614   -7361.6387
  -7361.6387  -7351.6685  -7301.131   -7302.3477  -7292.9517  -7246.474
  -7284.7153  -7271.274   -7271.274   -7251.5815  -7252.2256  -7240.376
  -7240.376   -7266.4277  -7266.4277  -7250.4233  -7264.7427  -7257.2544
  -7257.7803  -7257.7803  -7267.996   -7258.0996  -7258.0996  -7223.844
  -7223.632   -7223.632   -7236.479   -7232.72    -7232.72    -7231.801
  -7231.801   -7230.896   -7230.896   -7216.8564  -7245.737   -7265.3213
  -7251.213   -7251.213   -7244.1523  -7244.1523  -7244.1523  -7259.4097
  -7253.8022  -7237.252   -7237.252   -7238.1787  -7243.4165  -7242.8413
  -7238.413   -7250.252   -7273.389   -7273.389   -7291.28    -7253.416
  -7268.6304  -7263.313   -7263.313   -7254.1387  -7248.113   -7248.113
  -7238.2065  -7238.2065  -7262.58    -7234.5225  -7247.526   -7247.526
  -7229.413   -7229.8     -7216.0747  -7216.958   -7226.0776  -7216.0234
  -7248.9053  -7248.9053  -7219.1597  -7219.9487  -7235.8105  -7214.2383
  -7250.804   -7250.804   -7245.287   -7255.6245  -7251.09    -7276.867
  -7276.867   -7278.503   -7243.8516  -7246.2573  -7254.6855  -7254.6855
  -7256.1743  -7273.7935  -7272.6064  -7264.0723  -7273.551   -7300.4307
  -7299.8975  -7284.432   -7284.432   -7280.196   -7264.506   -7295.486
  -7287.6895  -7287.6895  -7281.279   -7272.03    -7223.386   -7247.62
  -7247.62    -7235.1216  -7237.4297  -7242.102   -7242.102   -7261.657
  -7261.657   -7270.849   -7277.69    -7297.026   -7304.9946  -7304.9946
  -7304.9946  -7295.088   -7285.57    -7285.57    -7267.624   -7267.624
  -7250.7817  -7206.7886  -7229.446   -7229.4966  -7249.0796  -7209.255
  -7209.255   -7254.446   -7274.166   -7274.166   -7253.779   -7253.779
  -7257.3965  -7272.499   -7272.499   -7256.128   -7259.0117  -7227.8633
  -7197.4287  -7197.4287  -7186.6455  -7220.218   -7220.218   -7210.628
  -7191.6475  -7183.977   -7183.977   -7185.5566  -7165.0825  -7177.0737
  -7169.6353  -7177.6846  -7125.9126  -7125.9126  -7099.075   -7107.866
  -7104.231   -7112.849   -7166.588   -7169.059   -7169.059   -7210.018
  -7210.018   -7210.018   -7203.051   -7182.581   -7173.7197  -7188.1807
  -7188.1807  -7188.1807  -7171.87    -7171.87    -7192.2446  -7221.292
  -7239.4336  -7239.4336  -7255.1147  -7304.8374  -7277.035   -7292.907
  -7319.157   -7319.157   -7326.3433  -7336.989   -7302.238   -7302.238
  -7286.7397  -7264.834   -7283.171   -7276.6016  -7276.6016  -7276.6016
  -7274.744   -7301.882   -7297.409   -7316.041   -7316.041   -7327.8506
  -7332.8438  -7332.8438  -7337.078   -7337.078   -7360.08    -7360.08
  -7323.4097  -7319.942   -7319.942   -7324.677   -7330.1426  -7313.632
  -7300.8486  -7347.7793  -7347.7793  -7381.715   -7321.377   -7321.377
  -7354.4214  -7325.494   -7331.5596  -7331.5596  -7311.293   -7337.8286
  -7291.805   -7302.767   -7302.767   -7316.7515  -7312.6934  -7312.6934
  -7309.814   -7309.814   -7272.3213  -7242.559   -7248.26    -7228.4424
  -7239.084   -7239.084   -7301.285   -7301.285   -7317.587   -7321.283
  -7329.7036  -7331.7964  -7331.7964  -7331.7964  -7316.6997  -7297.5454
  -7281.1875  -7281.1875  -7275.662   -7288.9434  -7299.9985  -7295.45
  -7282.5264  -7262.6226  -7262.6226  -7265.6235  -7265.6235  -7263.8433
  -7262.7754  -7231.1943  -7228.213   -7255.892   -7234.322   -7253.021
  -7253.021   -7253.021   -7232.4253  -7264.225   -7264.225   -7246.122
  -7293.2485  -7289.8047  -7289.8047  -7277.265   -7260.9336  -7255.4277
  -7230.6694  -7239.3945  -7239.3945  -7221.397   -7237.962   -7237.962
  -7257.3013  -7246.0513  -7235.387   -7235.387   -7208.4243  -7203.6113
  -7233.197   -7232.243   -7209.7803  -7221.603   -7206.99    -7245.36
  -7245.36    -7208.1465  -7233.7007  -7237.889   -7237.889   -7265.7236
  -7291.934   -7257.055   -7265.9785  -7265.9785  -7280.2266  -7275.201
  -7300.932   -7260.509   -7245.775   -7240.4297  -7243.691   -7277.674
  -7279.3706  -7295.123   -7317.3403  -7318.2246  -7318.2246  -7361.983
  -7349.781   -7349.781   -7331.603   -7333.554   -7347.7715  -7319.824
  -7327.2114  -7336.835   -7365.7876  -7365.7876  -7364.035   -7364.035
  -7364.035   -7320.7896  -7320.7896  -7320.7896  -7320.7896  -7349.194
  -7293.967   -7304.5967  -7299.8677  -7299.8677  -7299.8677  -7299.8677
  -7322.313   -7333.1606  -7329.515   -7329.515   -7307.4185  -7326.236
  -7326.236   -7326.236   -7326.236   -7326.236   -7326.236   -7326.236
  -7309.0034  -7292.2197  -7264.6226  -7290.5713  -7290.5713  -7274.2705
  -7274.2705  -7300.199   -7300.199   -7300.199   -7300.719   -7243.302
  -7247.3193  -7247.3193  -7247.3193  -7239.7236  -7296.5674  -7296.5674
  -7263.449   -7312.1143  -7312.1143  -7320.8027  -7330.838   -7349.567
  -7349.567   -7366.698   -7366.698   -7357.377   -7357.377   -7390.656
  -7390.656   -7392.8213  -7410.967   -7409.424   -7470.459   -7450.5127
  -7412.147   -7416.781   -7431.1035  -7440.113   -7440.113   -7440.113
  -7436.633   -7436.633   -7436.633   -7436.633   -7436.633   -7413.4927
  -7395.1606  -7376.5503  -7356.7397  -7341.8545  -7341.8545  -7350.8706
  -7362.035   -7324.454   -7324.9126  -7324.9126  -7363.703   -7331.369
  -7331.369   -7331.369   -7331.369   -7331.369   -7315.256   -7309.079 ]
2, 30
[[1.771e+01 3.100e-01 2.700e-01 3.600e-01 2.600e-01 9.000e-02]
 [2.100e-01 4.474e+01 2.000e-02 2.000e-02 1.000e-02 0.000e+00]
 [1.000e-01 4.000e-01 2.096e+01 2.100e-01 1.300e-01 2.000e-01]
 [3.300e-01 8.000e-02 0.000e+00 1.303e+01 2.500e-01 3.100e-01]
 [1.500e-01 1.800e-01 1.300e-01 4.000e-02 1.332e+01 1.800e-01]
 [9.000e-02 4.000e-02 3.100e-01 2.000e-02 1.700e-01 2.037e+01]]
[[1.63963411 1.21243557 0.25514702 0.68782265 0.89861004 0.28618176]
 [0.47528939 0.50239427 0.14       0.14       0.09949874 0.        ]
 [0.3        0.678233   1.17405281 0.14       1.19063009 0.4       ]
 [0.51097945 0.2712932  0.         0.80566743 0.45552168 0.52335456]
 [0.83540409 0.8482924  0.99292497 0.19595918 1.04288063 0.59126982]
 [0.09949874 0.28       0.71686819 0.14       1.1169154  1.10140819]]
0.9639259259259259
0.04641509202526404
[-889517.56   -77565.02   -61329.996  -60695.703  -60577.527  -60451.297
  -60420.12   -60420.12   -60426.496  -60427.14   -60430.617  -60430.617
  -60428.242  -60452.875  -60490.11   -60355.504  -60355.504  -60356.41
  -60377.113  -60357.31   -60346.71   -60349.39   -60349.39   -60365.957
  -60345.598  -60363.695  -60382.523  -60353.67   -60353.67   -60372.54
  -60369.453  -60410.47   -60454.027  -60454.027  -60485.938  -60485.938
  -60477.824  -60483.88   -60486.973  -60474.754  -60450.34   -60462.1
  -60450.34   -60445.023  -60446.64   -60411.867  -60433.19   -60402.008
  -60402.008  -60406.39   -60451.652  -60451.652  -60437.246  -60387.47
  -60355.598  -60355.598  -60338.086  -60383.84   -60332.047  -60332.047
  -60328.332  -60353.91   -60301.297  -60301.297  -60306.363  -60280.117
  -60270.29   -60270.29   -60270.047  -60256.     -60251.69   -60236.05
  -60236.05   -60218.55   -60218.55   -60210.785  -60208.434  -60208.477
  -60221.65   -60221.65   -60220.918  -60204.1    -60184.918  -60167.906
  -60167.906  -60171.844  -60189.742  -60172.88   -60126.34   -60083.715
  -60094.883  -59953.66   -59953.66   -59941.67   -59941.67   -59918.23
  -59918.23   -59941.18   -59946.83   -59968.883  -59981.47   -59994.875
  -59994.875  -59994.58   -59994.58   -59965.926  -59965.926  -59952.723
  -59953.664  -59988.715  -60025.344  -60056.63   -60056.63   -60046.074
  -60046.074  -59986.176  -59986.176  -59994.543  -59997.26   -59998.555
  -59998.555  -60044.305  -60046.195  -60059.832  -60059.832  -60056.836
  -60058.906  -60054.848  -60037.19   -60006.19   -59984.73   -59984.73
  -59983.51   -59976.38   -59952.113  -59940.977  -59935.168  -59961.35
  -59994.53   -59952.023  -59952.023  -59927.87   -59948.688  -59948.688
  -59948.863  -59948.836  -59916.926  -59899.68   -59880.586  -59896.066
  -59896.066  -59897.418  -59897.418  -59905.29   -59910.594  -59951.61
  -59921.61   -59921.61   -59886.598  -59921.2    -59921.2    -59877.695
  -59879.52   -59837.75   -59837.75   -59894.42   -59894.42   -59872.062
  -59864.047  -59864.047  -59863.707  -59877.277  -59852.152  -59832.113
  -59861.777  -59861.777  -59863.24   -59877.62   -59909.266  -59875.246
  -59875.246  -59886.105  -59878.18   -59877.305  -59916.902  -59916.902
  -59898.22   -59917.605  -59952.098  -59936.363  -59936.363  -59906.098
  -59926.45   -59926.45   -59939.973  -59924.566  -59926.855  -59922.773
  -59932.562  -59936.4    -59916.293  -59916.293  -59957.348  -59957.348
  -59956.72   -59956.72   -59914.78   -59914.78   -59911.285  -59864.227
  -59958.95   -60030.176  -59984.76   -59963.273  -59963.273  -59938.86
  -59914.46   -59881.863  -59881.863  -59856.805  -59844.04   -59844.04
  -59877.63   -59860.453  -59860.453  -59860.453  -59917.82   -59885.266
  -59896.703  -59894.414  -59874.977  -59892.176  -59903.95   -59817.29
  -59804.465  -59804.465  -59804.465  -59853.96   -59841.777  -59820.934
  -59797.83   -59797.83   -59789.297  -59796.44   -59828.92   -59875.08
  -59875.08   -59852.266  -59861.484  -59816.145  -59816.145  -59794.13
  -59793.535  -59811.793  -59760.348  -59760.348  -59762.01   -59734.4
  -59776.17   -59776.17   -59761.457  -59785.676  -59751.777  -59752.746
  -59805.453  -59805.453  -59805.297  -59793.7    -59801.94   -59853.28
  -59895.22   -59895.22   -59953.926  -59953.926  -59976.055  -59919.734
  -59891.746  -59891.746  -59866.52   -59823.05   -59848.67   -59770.688
  -59816.78   -59797.35   -59754.72   -59755.707  -59755.707  -59755.707
  -59703.492  -59703.492  -59703.492  -59693.723  -59672.62   -59661.688
  -59656.508  -59656.508  -59679.547  -59671.375  -59679.703  -59727.55
  -59821.61   -59840.977  -59840.977  -59848.996  -59886.332  -59860.074
  -59894.36   -59854.99   -59871.81   -59834.72   -59781.594  -59781.594
  -59757.668  -59704.7    -59662.48   -59662.48   -59672.758  -59729.52
  -59701.88   -59701.88   -59681.97   -59686.383  -59705.34   -59695.312
  -59695.312  -59684.86   -59706.09   -59706.09   -59751.53   -59799.97
  -59837.996  -59839.38   -59826.58   -59754.26   -59706.844  -59706.844
  -59734.008  -59698.844  -59698.844  -59714.266  -59732.86   -59730.566
  -59730.566  -59730.566  -59725.46   -59795.39   -59675.11   -59675.11
  -59675.11   -59657.695  -59719.91   -59710.266  -59703.19   -59664.44
  -59633.38   -59633.38   -59633.38   -59627.32   -59651.457  -59656.8
  -59625.1    -59625.1    -59636.688  -59714.29   -59718.457  -59735.38
  -59736.168  -59736.18   -59736.18   -59749.69   -59710.496  -59757.742
  -59757.742  -59780.     -59772.06   -59821.39   -59821.39   -59812.84
  -59831.715  -59831.715  -59836.062  -59836.062  -59870.527  -59870.527
  -59870.527  -59807.03   -59807.03   -59827.543  -59826.008  -59786.28
  -59750.918  -59750.918  -59750.918  -59698.055  -59698.055  -59693.52
  -59722.305  -59696.35   -59681.125  -59631.797  -59617.95   -59582.12
  -59551.63   -59551.63   -59568.395  -59534.855  -59534.855  -59558.6
  -59551.617  -59601.207  -59601.207  -59625.64   -59625.64   -59603.973
  -59593.605  -59580.348  -59565.926  -59591.58   -59600.703  -59600.703
  -59569.832  -59559.637  -59559.637  -59599.867  -59613.754  -59706.84
  -59706.84   -59704.387  -59669.992  -59677.797  -59677.797  -59642.676
  -59642.676  -59617.953  -59588.992  -59593.367  -59593.367  -59582.22
  -59607.64   -59553.88   -59553.88   -59569.523  -59605.902  -59605.902
  -59612.06   -59638.824  -59667.766  -59667.766  -59658.184  -59656.23
  -59661.85   -59665.086  -59665.086  -59671.746  -59698.008  -59740.543
  -59773.574  -59774.87   -59766.83   -59755.566  -59755.566  -59756.27
  -59770.707  -59791.145  -59791.145  -59773.062  -59783.2    -59805.61
  -59806.945  -59806.945  -59819.895  -59848.758  -59899.152  -59967.85
  -59967.85   -59939.527  -59912.625  -59931.85   -59931.164  -59944.13
  -59944.13   -59920.625  -59929.35   -59934.26   -59880.523  -59853.773
  -59825.355  -59786.543  -59797.445  -59742.652  -59704.117  -59704.117
  -59734.727  -59749.71   -59739.023  -59739.023  -59757.7    -59753.348
  -59737.54   -59754.586  -59754.586  -59733.355  -59766.82   -59766.82
  -59746.184  -59766.566  -59708.8    -59727.254  -59688.367  -59694.777
  -59669.348  -59695.48   -59695.48   -59642.387  -59703.23   -59653.59
  -59646.254  -59603.742  -59593.45   -59570.78   -59569.     -59581.37
  -59530.723  -59502.402  -59497.355  -59497.355  -59501.273  -59504.227
  -59444.195  -59385.97   -59420.617  -59420.617  -59427.44   -59427.44
  -59440.96   -59447.652  -59460.582  -59462.64   -59497.043  -59519.33
  -59519.33   -59497.1    -59467.316  -59448.09   -59453.44   -59453.44
  -59453.44   -59426.977  -59426.977  -59453.734  -59446.484  -59461.434
  -59461.434  -59472.562  -59456.918  -59450.266  -59467.28   -59467.28
  -59449.883  -59449.883  -59502.35   -59494.074  -59530.234  -59516.207
  -59523.656  -59550.82   -59574.11   -59597.58   -59594.754  -59594.754
  -59564.65   -59550.09   -59597.676  -59541.93   -59546.09   -59575.48
  -59575.48   -59648.203  -59655.664  -59636.54   -59631.824  -59637.71
  -59627.38   -59626.51   -59658.14   -59686.418  -59656.418  -59669.047
  -59656.305  -59619.184  -59623.844  -59592.418  -59592.418  -59592.418
  -59554.15   -59600.434  -59634.434  -59645.863  -59629.117  -59629.117]
2, 30
[[1.790e+01 2.600e-01 1.600e-01 2.900e-01 3.400e-01 5.000e-02]
 [9.000e-02 4.467e+01 8.000e-02 0.000e+00 1.600e-01 0.000e+00]
 [5.000e-02 9.000e-02 2.145e+01 0.000e+00 4.000e-02 3.700e-01]
 [6.000e-02 0.000e+00 0.000e+00 1.337e+01 4.000e-01 1.700e-01]
 [1.600e-01 1.700e-01 1.800e-01 1.500e-01 1.324e+01 1.000e-01]
 [0.000e+00 0.000e+00 0.000e+00 2.200e-01 3.400e-01 2.044e+01]]
[[1.10905365 0.77614432 0.39293765 0.86365502 0.69598851 0.21794495]
 [0.28618176 0.64892218 0.30594117 0.         0.36660606 0.        ]
 [0.21794495 0.31921779 0.71239034 0.         0.19595918 0.59422218]
 [0.14       0.         0.         0.33166248 0.19595918 0.24166092]
 [0.99518842 0.59422218 0.44899889 0.4330127  0.91782351 0.4142463 ]
 [0.         0.         0.         0.57236352 0.94741754 0.9901515 ]]
0.9708888888888889
0.03488891608471972
[-1264477.      -74215.55    -74215.55    -74068.31    -73674.96
   -73674.96    -73581.086   -73334.055   -73070.62    -72817.125
   -72429.83    -72429.83    -72378.53    -72199.164   -71972.875
   -71972.875   -71973.08    -72019.195   -72019.195   -72016.63
   -72016.32    -72045.73    -72045.73    -72025.01    -72049.914
   -72059.14    -72055.56    -72055.56    -72051.19    -72063.03
   -72018.695   -72018.695   -72025.12    -72058.984   -72058.984
   -72058.984   -72058.984   -72048.23    -72032.44    -72032.44
   -72030.11    -72034.29    -72024.734   -72004.05    -72004.05
   -72001.734   -71975.78    -71975.78    -71973.83    -71966.83
   -71962.96    -71980.734   -71960.15    -71967.14    -71973.24
   -72052.76    -72007.79    -72007.79    -72018.44    -72022.54
   -72022.54    -72018.37    -72053.98    -72053.98    -72051.03
   -72045.21    -72060.914   -72060.914   -72065.516   -72065.516
   -72070.02    -72070.02    -72070.02    -72070.02    -72095.86
   -72121.72    -72106.07    -72108.62    -72102.32    -72113.71
   -72138.555   -72107.97    -72116.61    -72116.61    -72109.49
   -72152.305   -72101.234   -72079.27    -72082.3     -72082.3
   -72079.72    -72070.15    -72048.36    -72048.36    -72060.28
   -72060.28    -72040.91    -72041.87    -72033.39    -72033.39
   -72035.875   -72021.15    -71990.53    -71930.03    -71904.95
   -71949.68    -71949.68    -71949.68    -71944.37    -71933.51
   -71922.32    -71955.59    -71896.66    -71896.66    -71896.555
   -71912.97    -71882.9     -71882.9     -71887.12    -71873.53
   -71873.53    -71879.19    -71874.21    -71861.414   -71853.13
   -71812.52    -71799.38    -71773.3     -71768.53    -71758.875
   -71752.21    -71764.89    -71764.89    -71755.29    -71739.94
   -71753.32    -71739.48    -71739.48    -71715.984   -71703.555
   -71705.42    -71705.42    -71715.13    -71704.625   -71704.625
   -71703.58    -71672.484   -71672.484   -71690.305   -71698.5
   -71717.2     -71719.25    -71698.52    -71703.55    -71675.18
   -71675.18    -71654.9     -71644.18    -71649.234   -71651.13
   -71623.04    -71655.98    -71633.695   -71633.695   -71624.48
   -71590.77    -71587.984   -71578.48    -71578.48    -71568.19
   -71558.42    -71531.81    -71519.68    -71516.266   -71500.92
   -71513.46    -71486.47    -71466.57    -71464.016   -71362.94
   -71362.94    -71385.1     -71385.1     -71402.59    -71402.59
   -71387.68    -71417.43    -71466.03    -71466.03    -71470.26
   -71520.54    -71520.54    -71516.99    -71506.44    -71533.91
   -71512.14    -71450.695   -71450.695   -71450.695   -71450.695
   -71445.42    -71414.54    -71412.28    -71431.92    -71431.92
   -71431.92    -71442.39    -71442.39    -71442.39    -71436.914
   -71443.875   -71422.89    -71422.89    -71422.89    -71418.06
   -71437.18    -71409.92    -71409.92    -71409.766   -71402.95
   -71402.875   -71402.875   -71406.01    -71399.29    -71372.05
   -71346.195   -71384.76    -71367.12    -71369.01    -71402.48
   -71396.336   -71375.836   -71364.19    -71367.555   -71377.83
   -71377.83    -71377.83    -71376.77    -71387.77    -71387.77
   -71387.77    -71386.67    -71375.01    -71355.07    -71323.21
   -71280.76    -71303.06    -71352.63    -71312.41    -71312.41
   -71306.49    -71268.73    -71268.73    -71265.98    -71266.61
   -71266.61    -71266.61    -71266.61    -71283.05    -71299.77
   -71301.44    -71279.45    -71289.7     -71302.27    -71305.5
   -71315.445   -71298.555   -71298.555   -71263.375   -71270.71
   -71270.71    -71275.64    -71256.27    -71256.27    -71262.734
   -71291.29    -71292.17    -71292.17    -71282.25    -71282.25
   -71277.7     -71284.375   -71320.51    -71275.65    -71347.86
   -71341.54    -71344.57    -71336.72    -71336.72    -71341.34
   -71344.02    -71324.266   -71319.49    -71302.016   -71271.86
   -71271.86    -71248.984   -71245.58    -71243.695   -71243.695
   -71220.95    -71217.85    -71209.63    -71242.42    -71249.33
   -71251.82    -71223.695   -71223.695   -71214.414   -71180.47
   -71187.75    -71187.75    -71187.75    -71137.99    -71156.65
   -71153.74    -71153.74    -71161.71    -71171.3     -71171.3
   -71182.85    -71200.74    -71200.74    -71200.74    -71200.74
   -71192.42    -71214.305   -71225.9     -71228.766   -71241.98
   -71236.29    -71236.29    -71228.08    -71224.68    -71234.31
   -71247.16    -71273.8     -71265.88    -71319.22    -71319.08
   -71310.24    -71333.83    -71333.83    -71331.414   -71345.89
   -71345.89    -71345.89    -71324.29    -71321.875   -71321.875
   -71326.445   -71352.54    -71342.33    -71305.67    -71284.586
   -71284.586   -71286.34    -71264.61    -71255.88    -71287.48
   -71280.164   -71280.164   -71280.164   -71285.07    -71278.6
   -71258.04    -71285.5     -71285.5     -71247.54    -71192.27
   -71192.27    -71203.03    -71217.08    -71217.08    -71229.484
   -71229.484   -71229.484   -71233.67    -71208.555   -71226.68
   -71226.68    -71201.28    -71201.28    -71186.43    -71186.43
   -71185.195   -71168.336   -71244.234   -71244.234   -71234.555
   -71209.52    -71211.3     -71211.3     -71182.26    -71201.22
   -71201.22    -71228.92    -71227.98    -71256.48    -71246.93
   -71222.63    -71266.17    -71233.26    -71199.43    -71225.76
   -71225.76    -71218.195   -71216.76    -71205.08    -71218.875
   -71196.74    -71185.97    -71169.875   -71183.65    -71183.65
   -71183.65    -71227.22    -71241.125   -71240.65    -71240.65
   -71240.65    -71256.43    -71252.21    -71263.73    -71263.73
   -71236.31    -71176.35    -71186.47    -71186.47    -71187.94
   -71201.695   -71207.13    -71207.13    -71207.13    -71197.6
   -71249.53    -71256.32    -71284.78    -71259.234   -71268.68
   -71268.68    -71302.32    -71302.32    -71219.08    -71219.08
   -71186.24    -71160.44    -71168.484   -71168.484   -71115.84
   -71080.4     -71035.984   -71035.984   -71035.984   -71045.87
   -71101.71    -71093.266   -71093.266   -71053.32    -71046.91
   -71077.96    -71064.65    -71090.3     -71056.95    -71056.95
   -71044.51    -71044.51    -71044.51    -71072.43    -71036.91
   -71043.92    -71003.13    -71003.13    -71009.62    -71009.62
   -70987.56    -70987.56    -70979.01    -70975.805   -70975.805
   -70981.234   -70974.99    -71000.77    -71028.445   -71013.516
   -71009.89    -71009.89    -71011.836   -71027.76    -71084.734
   -71084.734   -71113.34    -71112.77    -71120.61    -71124.46
   -71124.46    -71118.46    -71118.46    -71130.51    -71143.18
   -71132.66    -71132.66    -71132.18    -71126.67    -71126.67
   -71107.79    -71081.6     -71121.16    -71151.88    -71138.164
   -71160.766   -71154.18    -71205.91    -71193.19    -71228.375
   -71214.984   -71214.01    -71214.01    -71214.01    -71205.39
   -71205.39    -71195.23    -71197.28    -71200.016   -71166.766
   -71173.93    -71171.29    -71172.05    -71218.8     -71210.164
   -71229.85    -71242.84    -71236.555   -71232.18    -71262.89
   -71262.89    -71274.79    -71285.09    -71270.94    -71289.79
   -71289.79    -71289.79    -71289.79    -71277.63    -71304.87
   -71311.4     -71271.08    -71271.08    -71242.8     -71242.8
   -71242.8     -71277.125   -71256.79    -71256.79    -71276.15
   -71276.15    -71268.6     -71200.95    -71195.016   -71178.39
   -71188.49    -71204.04    -71188.76    -71206.1     -71206.1
   -71180.36    -71180.36    -71200.92    -71214.055   -71214.055
   -71214.055   -71211.695   -71167.84    -71164.09    -71180.984
   -71194.64    -71217.1     -71231.73    -71260.2     -71259.25
   -71230.98    -71218.93    -71229.56    -71219.44    -71225.28
   -71225.28    -71287.84    -71277.79    -71214.06    -71214.94
   -71228.78    -71180.93    -71168.23    -71174.08    -71132.54
   -71133.69    -71133.69    -71144.84    -71144.84    -71144.87 ]
